Step: 19999
[[ 977    0    0    0    0    0    2    1    0    0]
 [   0 1126    3    0    0    1    1    3    1    0]
 [   1    0 1026    0    0    0    2    3    0    0]
 [   0    0    1 1004    0    3    0    0    2    0]
 [   0    0    0    0  979    0    0    0    0    3]
 [   2    0    0    6    0  882    1    1    0    0]
 [   5    2    0    0    1    2  945    0    3    0]
 [   0    2    4    0    0    0    0 1021    1    0]
 [   1    0    2    0    0    1    0    0  967    3]
 [   1    0    0    1    9    0    0    4    1  993]]
Test error: 0.80 %
